0 1
0.3819660112501052 1
0.3819660112501052 0.7639320225002103
0.3819660112501052 0.6180339887498948
0.4721359549995794 0.6180339887498948
0.5278640450004206 0.6180339887498948
0.5278640450004206 0.5835921350012618
0.5491502812526288 0.5835921350012618
0.5623058987490536 0.5835921350012618
0.5623058987490536 0.5754615162454785
0.5673308974896951 0.5754615162454785
0.5673308974896951 0.5723558962303367
0.5692502762151948 0.5723558962303367
0.5704365175048369 0.5723558962303367
0.5704365175048369 0.5716227587944792
0.5708896213586218 0.5716227587944792
0.5711696549406944 0.5716227587944792
0.5711696549406944 0.571449688522767
0.5712766182510547 0.571449688522767
0.5712766182510547 0.5713835815614151
0.5712766182510547 0.5713427252124066
0.5713018688633982 0.5713427252124066
0.5713018688633982 0.5713271194757416
0.5713115137390766 0.5713271194757416
0.5713115137390766 0.5713211586147551
0.5713115137390766 0.5713174746000632
0.5713137905853712 0.5713174746000632
0.5713151977537685 0.5713174746000632
0.5713151977537685 0.5713166049221657
0.5713157352442684 0.5713166049221657
0.571316170083217 -0.01044033657058607
