0 1
0.4999995555555555 1
0.4999995555555555 0.7500002222222223
0.4999995555555555 0.6250003333333334
0.5624995 0.6250003333333334
0.5624995 0.5937503611111111
0.5624995 0.5781253750000001
0.5703119930555556 0.5781253750000001
0.5703119930555556 0.5742191284722223
0.5703119930555556 0.5722660052083334
0.5712885546875001 0.5722660052083334
0.5712885546875001 0.5717777243923612
0.5712885546875001 0.571533583984375
0.5712885546875001 0.571411513780382
0.5712885546875001 0.5713504786783855
0.5712885546875001 0.5713199611273873
0.5713038134629992 0.5713199611273873
0.5713114428507488 0.5713199611273873
0.5713152575446235 0.5713199611273873
0.5713152575446235 0.5713180537804499
0.5713152575446235 0.5713171001069811
0.5713152575446235 0.5713166232702468
0.5713154959629907 0.5713166232702468
0.5713154959629907 0.5713165040610632
0.5713154959629907 0.5713164444564715
0.571315970209731 -0.01044033657063892
